Sample	0	1	2	3	4	5	6	7	8	9	10	11	12	13	14	15	16	17	18	19	20	21	22	23	24	25	26	27	28	29	30	31	32	33
10_R1	(20.0, 45.0)	(21.0, 535.0)	(22.0, 2083.0)	(23.0, 4205.0)	(24.0, 7280.0)	(25.0, 10483.0)	(26.0, 15082.0)	(27.0, 20635.0)	(28.0, 28972.0)	(29.0, 38599.0)	(30.0, 54114.0)	(31.0, 72642.0)	(32.0, 103807.0)	(33.0, 142352.0)	(34.0, 213196.0)	(35.0, 322287.0)	(36.0, 563195.0)	(37.0, 1008745.0)	(38.0, 2700891.0)	(39.0, 12726705.0)	(40.0, 2246847.0)													
10_R1_001	(15.0, 1.0)	(16.0, 7.0)	(17.0, 70.0)	(18.0, 896.0)	(19.0, 5165.0)	(20.0, 14026.0)	(21.0, 21545.0)	(22.0, 28085.0)	(23.0, 33242.0)	(24.0, 40640.0)	(25.0, 46442.0)	(26.0, 56182.0)	(27.0, 65883.0)	(28.0, 83730.0)	(29.0, 103202.0)	(30.0, 134687.0)	(31.0, 166316.0)	(32.0, 229724.0)	(33.0, 331633.0)	(34.0, 500679.0)	(35.0, 649932.0)	(36.0, 1290314.0)	(37.0, 2187838.0)	(38.0, 4113639.0)	(39.0, 17406078.0)	(40.0, 3137720.0)								
10_R2	(17.0, 7.0)	(18.0, 111.0)	(19.0, 794.0)	(20.0, 3808.0)	(21.0, 9803.0)	(22.0, 16248.0)	(23.0, 19721.0)	(24.0, 23105.0)	(25.0, 24591.0)	(26.0, 27615.0)	(27.0, 30925.0)	(28.0, 38649.0)	(29.0, 46976.0)	(30.0, 60619.0)	(31.0, 76128.0)	(32.0, 102302.0)	(33.0, 132332.0)	(34.0, 187870.0)	(35.0, 274335.0)	(36.0, 468397.0)	(37.0, 836340.0)	(38.0, 2121237.0)	(39.0, 12251275.0)	(40.0, 3529512.0)										
10_R2_001	(8.0, 2.0)	(9.0, 2.0)	(10.0, 6.0)	(11.0, 9.0)	(12.0, 13.0)	(13.0, 13.0)	(14.0, 40.0)	(15.0, 359.0)	(16.0, 2428.0)	(17.0, 9839.0)	(18.0, 24252.0)	(19.0, 38984.0)	(20.0, 49430.0)	(21.0, 48919.0)	(22.0, 50517.0)	(23.0, 52180.0)	(24.0, 58221.0)	(25.0, 62011.0)	(26.0, 70203.0)	(27.0, 77125.0)	(28.0, 93282.0)	(29.0, 109410.0)	(30.0, 140154.0)	(31.0, 176576.0)	(32.0, 241206.0)	(33.0, 319340.0)	(34.0, 448058.0)	(35.0, 625753.0)	(36.0, 1026498.0)	(37.0, 1804186.0)	(38.0, 4175401.0)	(39.0, 16563843.0)	(40.0, 4379416.0)	
11_R1	(19.0, 2.0)	(20.0, 66.0)	(21.0, 724.0)	(22.0, 2383.0)	(23.0, 4794.0)	(24.0, 8041.0)	(25.0, 10975.0)	(26.0, 15894.0)	(27.0, 20621.0)	(28.0, 28522.0)	(29.0, 37632.0)	(30.0, 51272.0)	(31.0, 67445.0)	(32.0, 92315.0)	(33.0, 123836.0)	(34.0, 182800.0)	(35.0, 273228.0)	(36.0, 468004.0)	(37.0, 835904.0)	(38.0, 2156748.0)	(39.0, 11619184.0)	(40.0, 2818202.0)												
11_R1_001	(16.0, 2.0)	(17.0, 120.0)	(18.0, 1459.0)	(19.0, 7295.0)	(20.0, 18063.0)	(21.0, 25797.0)	(22.0, 31863.0)	(23.0, 36300.0)	(24.0, 44216.0)	(25.0, 49908.0)	(26.0, 59697.0)	(27.0, 69960.0)	(28.0, 89135.0)	(29.0, 107085.0)	(30.0, 136073.0)	(31.0, 164594.0)	(32.0, 224669.0)	(33.0, 309967.0)	(34.0, 454836.0)	(35.0, 618076.0)	(36.0, 1032541.0)	(37.0, 2097287.0)	(38.0, 3992573.0)	(39.0, 18406361.0)	(40.0, 4659099.0)									
11_R2	(17.0, 3.0)	(18.0, 79.0)	(19.0, 615.0)	(20.0, 3155.0)	(21.0, 7989.0)	(22.0, 13525.0)	(23.0, 16443.0)	(24.0, 19281.0)	(25.0, 20107.0)	(26.0, 22686.0)	(27.0, 25357.0)	(28.0, 31446.0)	(29.0, 38328.0)	(30.0, 49686.0)	(31.0, 61406.0)	(32.0, 82771.0)	(33.0, 107230.0)	(34.0, 153868.0)	(35.0, 225944.0)	(36.0, 382476.0)	(37.0, 678594.0)	(38.0, 1715959.0)	(39.0, 11266141.0)	(40.0, 3895503.0)										
11_R2_001	(8.0, 3.0)	(9.0, 0.0)	(10.0, 4.0)	(11.0, 4.0)	(12.0, 2.0)	(13.0, 14.0)	(14.0, 54.0)	(15.0, 343.0)	(16.0, 2468.0)	(17.0, 9759.0)	(18.0, 23798.0)	(19.0, 36944.0)	(20.0, 45258.0)	(21.0, 44135.0)	(22.0, 45106.0)	(23.0, 47739.0)	(24.0, 52969.0)	(25.0, 55694.0)	(26.0, 62865.0)	(27.0, 70311.0)	(28.0, 83739.0)	(29.0, 98256.0)	(30.0, 125945.0)	(31.0, 159666.0)	(32.0, 224234.0)	(33.0, 301320.0)	(34.0, 433393.0)	(35.0, 613512.0)	(36.0, 999620.0)	(37.0, 1764770.0)	(38.0, 4276612.0)	(39.0, 17754363.0)	(40.0, 5304076.0)	
12_R1	(19.0, 4.0)	(20.0, 54.0)	(21.0, 575.0)	(22.0, 2190.0)	(23.0, 4517.0)	(24.0, 7735.0)	(25.0, 11044.0)	(26.0, 15696.0)	(27.0, 20701.0)	(28.0, 29553.0)	(29.0, 39424.0)	(30.0, 53854.0)	(31.0, 71640.0)	(32.0, 100618.0)	(33.0, 138849.0)	(34.0, 208765.0)	(35.0, 321734.0)	(36.0, 562585.0)	(37.0, 1037863.0)	(38.0, 2835054.0)	(39.0, 13134435.0)	(40.0, 2185619.0)												
12_R1_001	(16.0, 2.0)	(17.0, 80.0)	(18.0, 930.0)	(19.0, 5109.0)	(20.0, 13509.0)	(21.0, 20538.0)	(22.0, 26077.0)	(23.0, 30225.0)	(24.0, 36086.0)	(25.0, 41532.0)	(26.0, 49691.0)	(27.0, 58533.0)	(28.0, 74666.0)	(29.0, 91041.0)	(30.0, 115863.0)	(31.0, 141096.0)	(32.0, 191162.0)	(33.0, 267514.0)	(34.0, 397887.0)	(35.0, 546076.0)	(36.0, 971144.0)	(37.0, 1983696.0)	(38.0, 4119937.0)	(39.0, 17755266.0)	(40.0, 3079110.0)									
12_R2	(17.0, 4.0)	(18.0, 90.0)	(19.0, 760.0)	(20.0, 3712.0)	(21.0, 9439.0)	(22.0, 16056.0)	(23.0, 19697.0)	(24.0, 22967.0)	(25.0, 23983.0)	(26.0, 27203.0)	(27.0, 30235.0)	(28.0, 37772.0)	(29.0, 45644.0)	(30.0, 58912.0)	(31.0, 73049.0)	(32.0, 98310.0)	(33.0, 128222.0)	(34.0, 182845.0)	(35.0, 268335.0)	(36.0, 464267.0)	(37.0, 841318.0)	(38.0, 2202252.0)	(39.0, 12848200.0)	(40.0, 3379237.0)										
12_R2_001	(7.0, 1.0)	(8.0, 1.0)	(9.0, 2.0)	(10.0, 5.0)	(11.0, 7.0)	(12.0, 2.0)	(13.0, 8.0)	(14.0, 31.0)	(15.0, 319.0)	(16.0, 2317.0)	(17.0, 9218.0)	(18.0, 23323.0)	(19.0, 37314.0)	(20.0, 46754.0)	(21.0, 45132.0)	(22.0, 45763.0)	(23.0, 46189.0)	(24.0, 51356.0)	(25.0, 54439.0)	(26.0, 61504.0)	(27.0, 67988.0)	(28.0, 80288.0)	(29.0, 91758.0)	(30.0, 114887.0)	(31.0, 140336.0)	(32.0, 189555.0)	(33.0, 250695.0)	(34.0, 358013.0)	(35.0, 513868.0)	(36.0, 871514.0)	(37.0, 1594813.0)	(38.0, 4023182.0)	(39.0, 17097580.0)	(40.0, 4198608.0)
1_R1	(20.0, 82.0)	(21.0, 602.0)	(22.0, 2273.0)	(23.0, 4699.0)	(24.0, 8036.0)	(25.0, 11435.0)	(26.0, 16265.0)	(27.0, 21693.0)	(28.0, 30409.0)	(29.0, 40515.0)	(30.0, 56179.0)	(31.0, 75612.0)	(32.0, 109583.0)	(33.0, 151223.0)	(34.0, 222178.0)	(35.0, 328179.0)	(36.0, 554344.0)	(37.0, 998527.0)	(38.0, 2708720.0)	(39.0, 13665392.0)	(40.0, 2498925.0)													
1_R1_001	(16.0, 4.0)	(17.0, 79.0)	(18.0, 1168.0)	(19.0, 5922.0)	(20.0, 15048.0)	(21.0, 21960.0)	(22.0, 27630.0)	(23.0, 31865.0)	(24.0, 38411.0)	(25.0, 43859.0)	(26.0, 53651.0)	(27.0, 61716.0)	(28.0, 77977.0)	(29.0, 95455.0)	(30.0, 127063.0)	(31.0, 161245.0)	(32.0, 222645.0)	(33.0, 303995.0)	(34.0, 459229.0)	(35.0, 636102.0)	(36.0, 1146660.0)	(37.0, 1870455.0)	(38.0, 3987694.0)	(39.0, 18495085.0)	(40.0, 3555379.0)									
1_R2	(17.0, 8.0)	(18.0, 87.0)	(19.0, 781.0)	(20.0, 3701.0)	(21.0, 9517.0)	(22.0, 16165.0)	(23.0, 19889.0)	(24.0, 23645.0)	(25.0, 24662.0)	(26.0, 27464.0)	(27.0, 30883.0)	(28.0, 38297.0)	(29.0, 46248.0)	(30.0, 59209.0)	(31.0, 73313.0)	(32.0, 98382.0)	(33.0, 126483.0)	(34.0, 180337.0)	(35.0, 264229.0)	(36.0, 451812.0)	(37.0, 810034.0)	(38.0, 2075062.0)	(39.0, 13057942.0)	(40.0, 4066721.0)										
1_R2_001	(7.0, 1.0)	(8.0, 1.0)	(9.0, 0.0)	(10.0, 2.0)	(11.0, 6.0)	(12.0, 4.0)	(13.0, 11.0)	(14.0, 38.0)	(15.0, 343.0)	(16.0, 2459.0)	(17.0, 9875.0)	(18.0, 24469.0)	(19.0, 38636.0)	(20.0, 48518.0)	(21.0, 46163.0)	(22.0, 46604.0)	(23.0, 47968.0)	(24.0, 52923.0)	(25.0, 56472.0)	(26.0, 64933.0)	(27.0, 71765.0)	(28.0, 84773.0)	(29.0, 99537.0)	(30.0, 125918.0)	(31.0, 154591.0)	(32.0, 205423.0)	(33.0, 265523.0)	(34.0, 371578.0)	(35.0, 529612.0)	(36.0, 894630.0)	(37.0, 1625316.0)	(38.0, 3965905.0)	(39.0, 17521832.0)	(40.0, 5084468.0)
2_R1	(19.0, 2.0)	(20.0, 60.0)	(21.0, 550.0)	(22.0, 1847.0)	(23.0, 3797.0)	(24.0, 6195.0)	(25.0, 8972.0)	(26.0, 12696.0)	(27.0, 16772.0)	(28.0, 23261.0)	(29.0, 30836.0)	(30.0, 43271.0)	(31.0, 57084.0)	(32.0, 79721.0)	(33.0, 108788.0)	(34.0, 163546.0)	(35.0, 249460.0)	(36.0, 434285.0)	(37.0, 804048.0)	(38.0, 2228833.0)	(39.0, 11039155.0)	(40.0, 1715247.0)												
2_R1_001	(16.0, 4.0)	(17.0, 57.0)	(18.0, 986.0)	(19.0, 5182.0)	(20.0, 13688.0)	(21.0, 19226.0)	(22.0, 23775.0)	(23.0, 27259.0)	(24.0, 32432.0)	(25.0, 36626.0)	(26.0, 44241.0)	(27.0, 52064.0)	(28.0, 65875.0)	(29.0, 81636.0)	(30.0, 107263.0)	(31.0, 132920.0)	(32.0, 179445.0)	(33.0, 249070.0)	(34.0, 380399.0)	(35.0, 472417.0)	(36.0, 834892.0)	(37.0, 1957942.0)	(38.0, 3771477.0)	(39.0, 16022447.0)	(40.0, 2597061.0)									
2_R2	(17.0, 1.0)	(18.0, 70.0)	(19.0, 557.0)	(20.0, 2864.0)	(21.0, 7718.0)	(22.0, 12688.0)	(23.0, 15505.0)	(24.0, 18094.0)	(25.0, 18649.0)	(26.0, 20884.0)	(27.0, 22873.0)	(28.0, 28207.0)	(29.0, 34400.0)	(30.0, 44174.0)	(31.0, 54766.0)	(32.0, 72608.0)	(33.0, 94331.0)	(34.0, 133952.0)	(35.0, 195015.0)	(36.0, 335143.0)	(37.0, 608110.0)	(38.0, 1619555.0)	(39.0, 10693823.0)	(40.0, 2994439.0)										
2_R2_001	(7.0, 1.0)	(8.0, 2.0)	(9.0, 1.0)	(10.0, 2.0)	(11.0, 7.0)	(12.0, 8.0)	(13.0, 8.0)	(14.0, 26.0)	(15.0, 239.0)	(16.0, 1938.0)	(17.0, 8266.0)	(18.0, 21029.0)	(19.0, 33110.0)	(20.0, 41605.0)	(21.0, 39418.0)	(22.0, 39411.0)	(23.0, 39860.0)	(24.0, 44027.0)	(25.0, 46728.0)	(26.0, 53253.0)	(27.0, 58726.0)	(28.0, 70947.0)	(29.0, 82429.0)	(30.0, 105194.0)	(31.0, 130821.0)	(32.0, 177631.0)	(33.0, 232700.0)	(34.0, 326017.0)	(35.0, 465508.0)	(36.0, 782610.0)	(37.0, 1433899.0)	(38.0, 3604016.0)	(39.0, 15387073.0)	(40.0, 3881874.0)
3_R1	(19.0, 2.0)	(20.0, 76.0)	(21.0, 678.0)	(22.0, 2373.0)	(23.0, 4800.0)	(24.0, 7950.0)	(25.0, 11415.0)	(26.0, 15932.0)	(27.0, 20917.0)	(28.0, 29362.0)	(29.0, 38330.0)	(30.0, 52951.0)	(31.0, 68934.0)	(32.0, 96170.0)	(33.0, 130782.0)	(34.0, 193774.0)	(35.0, 291238.0)	(36.0, 505349.0)	(37.0, 895485.0)	(38.0, 2369378.0)	(39.0, 12777958.0)	(40.0, 2817419.0)												
3_R1_001	(16.0, 2.0)	(17.0, 95.0)	(18.0, 1429.0)	(19.0, 6211.0)	(20.0, 14828.0)	(21.0, 21025.0)	(22.0, 26069.0)	(23.0, 29127.0)	(24.0, 35220.0)	(25.0, 39876.0)	(26.0, 47882.0)	(27.0, 55976.0)	(28.0, 71312.0)	(29.0, 86985.0)	(30.0, 110161.0)	(31.0, 131863.0)	(32.0, 176979.0)	(33.0, 241760.0)	(34.0, 350776.0)	(35.0, 472764.0)	(36.0, 841599.0)	(37.0, 1617262.0)	(38.0, 3363642.0)	(39.0, 16688884.0)	(40.0, 3872455.0)									
3_R2	(17.0, 7.0)	(18.0, 97.0)	(19.0, 749.0)	(20.0, 3717.0)	(21.0, 9600.0)	(22.0, 15860.0)	(23.0, 19559.0)	(24.0, 22361.0)	(25.0, 23638.0)	(26.0, 26049.0)	(27.0, 29150.0)	(28.0, 35855.0)	(29.0, 43490.0)	(30.0, 55708.0)	(31.0, 68979.0)	(32.0, 91398.0)	(33.0, 118396.0)	(34.0, 167341.0)	(35.0, 244292.0)	(36.0, 418271.0)	(37.0, 744819.0)	(38.0, 1908894.0)	(39.0, 12311911.0)	(40.0, 3971132.0)										
3_R2_001	(8.0, 1.0)	(9.0, 1.0)	(10.0, 2.0)	(11.0, 6.0)	(12.0, 11.0)	(13.0, 8.0)	(14.0, 44.0)	(15.0, 370.0)	(16.0, 2579.0)	(17.0, 10136.0)	(18.0, 24703.0)	(19.0, 37370.0)	(20.0, 45424.0)	(21.0, 43453.0)	(22.0, 43020.0)	(23.0, 43306.0)	(24.0, 47671.0)	(25.0, 51123.0)	(26.0, 57593.0)	(27.0, 62950.0)	(28.0, 74485.0)	(29.0, 85963.0)	(30.0, 108386.0)	(31.0, 133663.0)	(32.0, 181988.0)	(33.0, 241594.0)	(34.0, 341649.0)	(35.0, 484238.0)	(36.0, 799418.0)	(37.0, 1406174.0)	(38.0, 3340237.0)	(39.0, 15813839.0)	(40.0, 4822777.0)	
4_R1	(19.0, 1.0)	(20.0, 65.0)	(21.0, 645.0)	(22.0, 2355.0)	(23.0, 4750.0)	(24.0, 7971.0)	(25.0, 11615.0)	(26.0, 16089.0)	(27.0, 21187.0)	(28.0, 29430.0)	(29.0, 39088.0)	(30.0, 53526.0)	(31.0, 71051.0)	(32.0, 99916.0)	(33.0, 136579.0)	(34.0, 204855.0)	(35.0, 314219.0)	(36.0, 553305.0)	(37.0, 1021351.0)	(38.0, 2745345.0)	(39.0, 12627440.0)	(40.0, 2088375.0)												
4_R1_001	(16.0, 2.0)	(17.0, 95.0)	(18.0, 1232.0)	(19.0, 6191.0)	(20.0, 14841.0)	(21.0, 20964.0)	(22.0, 26559.0)	(23.0, 30324.0)	(24.0, 36496.0)	(25.0, 41913.0)	(26.0, 49979.0)	(27.0, 57842.0)	(28.0, 72618.0)	(29.0, 87908.0)	(30.0, 115649.0)	(31.0, 143481.0)	(32.0, 189725.0)	(33.0, 249318.0)	(34.0, 368392.0)	(35.0, 518921.0)	(36.0, 893588.0)	(37.0, 1853100.0)	(38.0, 3867713.0)	(39.0, 16926002.0)	(40.0, 2938975.0)									
4_R2	(17.0, 6.0)	(18.0, 102.0)	(19.0, 834.0)	(20.0, 4036.0)	(21.0, 10012.0)	(22.0, 16735.0)	(23.0, 20820.0)	(24.0, 24113.0)	(25.0, 25196.0)	(26.0, 28192.0)	(27.0, 31288.0)	(28.0, 38540.0)	(29.0, 46750.0)	(30.0, 59651.0)	(31.0, 74740.0)	(32.0, 99127.0)	(33.0, 129614.0)	(34.0, 185673.0)	(35.0, 274398.0)	(36.0, 469708.0)	(37.0, 841528.0)	(38.0, 2157660.0)	(39.0, 12291789.0)	(40.0, 3218646.0)										
4_R2_001	(8.0, 1.0)	(9.0, 1.0)	(10.0, 3.0)	(11.0, 1.0)	(12.0, 8.0)	(13.0, 13.0)	(14.0, 45.0)	(15.0, 417.0)	(16.0, 2903.0)	(17.0, 11108.0)	(18.0, 26712.0)	(19.0, 40445.0)	(20.0, 48676.0)	(21.0, 46629.0)	(22.0, 46959.0)	(23.0, 48243.0)	(24.0, 52321.0)	(25.0, 55298.0)	(26.0, 62068.0)	(27.0, 67854.0)	(28.0, 79947.0)	(29.0, 91911.0)	(30.0, 113774.0)	(31.0, 138724.0)	(32.0, 185692.0)	(33.0, 243119.0)	(34.0, 343228.0)	(35.0, 487905.0)	(36.0, 812105.0)	(37.0, 1459527.0)	(38.0, 3683268.0)	(39.0, 16358226.0)	(40.0, 4004697.0)	
5_R1	(19.0, 5.0)	(20.0, 74.0)	(21.0, 642.0)	(22.0, 2304.0)	(23.0, 4509.0)	(24.0, 7293.0)	(25.0, 10451.0)	(26.0, 14401.0)	(27.0, 19235.0)	(28.0, 26860.0)	(29.0, 35024.0)	(30.0, 48253.0)	(31.0, 63442.0)	(32.0, 89059.0)	(33.0, 122299.0)	(34.0, 183686.0)	(35.0, 281346.0)	(36.0, 493134.0)	(37.0, 915534.0)	(38.0, 2500511.0)	(39.0, 12011304.0)	(40.0, 1949286.0)												
5_R1_001	(16.0, 1.0)	(17.0, 117.0)	(18.0, 1409.0)	(19.0, 6652.0)	(20.0, 15583.0)	(21.0, 21170.0)	(22.0, 26021.0)	(23.0, 29872.0)	(24.0, 36122.0)	(25.0, 40770.0)	(26.0, 49366.0)	(27.0, 57933.0)	(28.0, 73805.0)	(29.0, 89984.0)	(30.0, 117874.0)	(31.0, 147617.0)	(32.0, 194208.0)	(33.0, 252847.0)	(34.0, 373680.0)	(35.0, 518248.0)	(36.0, 878452.0)	(37.0, 1921762.0)	(38.0, 3942175.0)	(39.0, 17320852.0)	(40.0, 2896037.0)									
5_R2	(17.0, 4.0)	(18.0, 83.0)	(19.0, 642.0)	(20.0, 3231.0)	(21.0, 8226.0)	(22.0, 13605.0)	(23.0, 16649.0)	(24.0, 19390.0)	(25.0, 20040.0)	(26.0, 22453.0)	(27.0, 25153.0)	(28.0, 30892.0)	(29.0, 37572.0)	(30.0, 48387.0)	(31.0, 60216.0)	(32.0, 80218.0)	(33.0, 104281.0)	(34.0, 149732.0)	(35.0, 221407.0)	(36.0, 385841.0)	(37.0, 702828.0)	(38.0, 1851916.0)	(39.0, 11675418.0)	(40.0, 3300468.0)										
5_R2_001	(8.0, 1.0)	(9.0, 3.0)	(10.0, 3.0)	(11.0, 1.0)	(12.0, 4.0)	(13.0, 13.0)	(14.0, 47.0)	(15.0, 299.0)	(16.0, 2263.0)	(17.0, 9075.0)	(18.0, 22727.0)	(19.0, 35324.0)	(20.0, 42611.0)	(21.0, 40407.0)	(22.0, 40349.0)	(23.0, 41138.0)	(24.0, 45855.0)	(25.0, 48725.0)	(26.0, 55532.0)	(27.0, 61240.0)	(28.0, 73633.0)	(29.0, 86182.0)	(30.0, 109957.0)	(31.0, 140030.0)	(32.0, 195615.0)	(33.0, 263975.0)	(34.0, 377534.0)	(35.0, 538083.0)	(36.0, 891348.0)	(37.0, 1584232.0)	(38.0, 3816200.0)	(39.0, 16269364.0)	(40.0, 4220787.0)	
6_R1	(20.0, 66.0)	(21.0, 607.0)	(22.0, 2330.0)	(23.0, 4652.0)	(24.0, 7992.0)	(25.0, 11144.0)	(26.0, 15648.0)	(27.0, 20977.0)	(28.0, 28746.0)	(29.0, 38371.0)	(30.0, 53818.0)	(31.0, 70677.0)	(32.0, 99292.0)	(33.0, 137414.0)	(34.0, 209204.0)	(35.0, 324977.0)	(36.0, 577735.0)	(37.0, 1075401.0)	(38.0, 2939943.0)	(39.0, 12772067.0)	(40.0, 1849299.0)													
6_R1_001	(16.0, 2.0)	(17.0, 98.0)	(18.0, 1411.0)	(19.0, 6357.0)	(20.0, 14834.0)	(21.0, 20208.0)	(22.0, 25271.0)	(23.0, 29449.0)	(24.0, 35430.0)	(25.0, 40762.0)	(26.0, 49511.0)	(27.0, 58874.0)	(28.0, 74588.0)	(29.0, 93157.0)	(30.0, 122540.0)	(31.0, 148846.0)	(32.0, 196270.0)	(33.0, 265036.0)	(34.0, 393066.0)	(35.0, 531960.0)	(36.0, 921082.0)	(37.0, 1931757.0)	(38.0, 4185285.0)	(39.0, 17386598.0)	(40.0, 2644440.0)									
6_R2	(17.0, 7.0)	(18.0, 85.0)	(19.0, 739.0)	(20.0, 3641.0)	(21.0, 9280.0)	(22.0, 15721.0)	(23.0, 19456.0)	(24.0, 22613.0)	(25.0, 23665.0)	(26.0, 26318.0)	(27.0, 29379.0)	(28.0, 36529.0)	(29.0, 44468.0)	(30.0, 57594.0)	(31.0, 71275.0)	(32.0, 96130.0)	(33.0, 125343.0)	(34.0, 179958.0)	(35.0, 268176.0)	(36.0, 467425.0)	(37.0, 852769.0)	(38.0, 2264926.0)	(39.0, 12635174.0)	(40.0, 2989689.0)										
6_R2_001	(10.0, 4.0)	(11.0, 3.0)	(12.0, 8.0)	(13.0, 9.0)	(14.0, 47.0)	(15.0, 330.0)	(16.0, 2518.0)	(17.0, 10050.0)	(18.0, 24659.0)	(19.0, 38403.0)	(20.0, 47051.0)	(21.0, 44620.0)	(22.0, 44524.0)	(23.0, 44864.0)	(24.0, 49965.0)	(25.0, 53322.0)	(26.0, 60565.0)	(27.0, 66678.0)	(28.0, 79159.0)	(29.0, 91060.0)	(30.0, 114290.0)	(31.0, 139972.0)	(32.0, 190701.0)	(33.0, 252608.0)	(34.0, 360877.0)	(35.0, 519423.0)	(36.0, 876361.0)	(37.0, 1581519.0)	(38.0, 3934350.0)	(39.0, 16775439.0)	(40.0, 3773453.0)			
7_R1	(19.0, 1.0)	(20.0, 78.0)	(21.0, 523.0)	(22.0, 1928.0)	(23.0, 3722.0)	(24.0, 6181.0)	(25.0, 8687.0)	(26.0, 11997.0)	(27.0, 15948.0)	(28.0, 21913.0)	(29.0, 28505.0)	(30.0, 39290.0)	(31.0, 51735.0)	(32.0, 72429.0)	(33.0, 99725.0)	(34.0, 148739.0)	(35.0, 226240.0)	(36.0, 400428.0)	(37.0, 742259.0)	(38.0, 1937353.0)	(39.0, 9344437.0)	(40.0, 1727910.0)												
7_R1_001	(16.0, 1.0)	(17.0, 64.0)	(18.0, 1390.0)	(19.0, 7212.0)	(20.0, 16956.0)	(21.0, 23498.0)	(22.0, 28556.0)	(23.0, 32411.0)	(24.0, 38804.0)	(25.0, 44333.0)	(26.0, 53038.0)	(27.0, 62801.0)	(28.0, 80699.0)	(29.0, 98888.0)	(30.0, 127219.0)	(31.0, 155354.0)	(32.0, 218272.0)	(33.0, 322980.0)	(34.0, 484477.0)	(35.0, 620288.0)	(36.0, 1127684.0)	(37.0, 2482355.0)	(38.0, 4160399.0)	(39.0, 16218802.0)	(40.0, 3216614.0)									
7_R2	(17.0, 6.0)	(18.0, 96.0)	(19.0, 693.0)	(20.0, 3185.0)	(21.0, 7973.0)	(22.0, 13302.0)	(23.0, 15818.0)	(24.0, 18325.0)	(25.0, 18443.0)	(26.0, 20526.0)	(27.0, 22888.0)	(28.0, 27915.0)	(29.0, 33598.0)	(30.0, 43306.0)	(31.0, 53957.0)	(32.0, 71265.0)	(33.0, 93452.0)	(34.0, 134222.0)	(35.0, 200226.0)	(36.0, 346359.0)	(37.0, 624787.0)	(38.0, 1578450.0)	(39.0, 9014109.0)	(40.0, 2547127.0)										
7_R2_001	(8.0, 3.0)	(9.0, 0.0)	(10.0, 3.0)	(11.0, 4.0)	(12.0, 7.0)	(13.0, 16.0)	(14.0, 32.0)	(15.0, 343.0)	(16.0, 2455.0)	(17.0, 10101.0)	(18.0, 25183.0)	(19.0, 39201.0)	(20.0, 47558.0)	(21.0, 44225.0)	(22.0, 43938.0)	(23.0, 44875.0)	(24.0, 49721.0)	(25.0, 53828.0)	(26.0, 61517.0)	(27.0, 68707.0)	(28.0, 83030.0)	(29.0, 99109.0)	(30.0, 130901.0)	(31.0, 171133.0)	(32.0, 242956.0)	(33.0, 332323.0)	(34.0, 479513.0)	(35.0, 682033.0)	(36.0, 1118248.0)	(37.0, 1985101.0)	(38.0, 4680523.0)	(39.0, 15456916.0)	(40.0, 3669592.0)	
8_R1	(19.0, 4.0)	(20.0, 61.0)	(21.0, 674.0)	(22.0, 2333.0)	(23.0, 4658.0)	(24.0, 7882.0)	(25.0, 11202.0)	(26.0, 16044.0)	(27.0, 20950.0)	(28.0, 29413.0)	(29.0, 39422.0)	(30.0, 54175.0)	(31.0, 70511.0)	(32.0, 98781.0)	(33.0, 136154.0)	(34.0, 201113.0)	(35.0, 303763.0)	(36.0, 524937.0)	(37.0, 957848.0)	(38.0, 2536788.0)	(39.0, 13563276.0)	(40.0, 2816111.0)												
8_R1_001	(16.0, 2.0)	(17.0, 74.0)	(18.0, 1293.0)	(19.0, 6163.0)	(20.0, 14653.0)	(21.0, 20945.0)	(22.0, 26509.0)	(23.0, 30287.0)	(24.0, 36866.0)	(25.0, 41705.0)	(26.0, 50703.0)	(27.0, 59493.0)	(28.0, 75795.0)	(29.0, 93578.0)	(30.0, 117447.0)	(31.0, 139169.0)	(32.0, 192230.0)	(33.0, 270626.0)	(34.0, 390147.0)	(35.0, 514236.0)	(36.0, 917854.0)	(37.0, 1832394.0)	(38.0, 3669356.0)	(39.0, 17701019.0)	(40.0, 3822453.0)									
8_R2	(17.0, 9.0)	(18.0, 118.0)	(19.0, 712.0)	(20.0, 3645.0)	(21.0, 9498.0)	(22.0, 15979.0)	(23.0, 19537.0)	(24.0, 22973.0)	(25.0, 24105.0)	(26.0, 26993.0)	(27.0, 29616.0)	(28.0, 37105.0)	(29.0, 44871.0)	(30.0, 57759.0)	(31.0, 72949.0)	(32.0, 96187.0)	(33.0, 125152.0)	(34.0, 178800.0)	(35.0, 262712.0)	(36.0, 447788.0)	(37.0, 799718.0)	(38.0, 2033335.0)	(39.0, 12956683.0)	(40.0, 4129856.0)										
8_R2_001	(8.0, 1.0)	(9.0, 2.0)	(10.0, 0.0)	(11.0, 6.0)	(12.0, 3.0)	(13.0, 18.0)	(14.0, 52.0)	(15.0, 381.0)	(16.0, 2648.0)	(17.0, 10380.0)	(18.0, 24467.0)	(19.0, 37963.0)	(20.0, 45724.0)	(21.0, 43603.0)	(22.0, 44025.0)	(23.0, 44973.0)	(24.0, 49921.0)	(25.0, 52471.0)	(26.0, 59584.0)	(27.0, 65906.0)	(28.0, 77786.0)	(29.0, 89830.0)	(30.0, 114049.0)	(31.0, 141165.0)	(32.0, 192084.0)	(33.0, 255013.0)	(34.0, 361306.0)	(35.0, 513149.0)	(36.0, 854201.0)	(37.0, 1516985.0)	(38.0, 3630925.0)	(39.0, 16766441.0)	(40.0, 5029935.0)	
9_R1	(19.0, 3.0)	(20.0, 54.0)	(21.0, 519.0)	(22.0, 1834.0)	(23.0, 3743.0)	(24.0, 6481.0)	(25.0, 9518.0)	(26.0, 13535.0)	(27.0, 18229.0)	(28.0, 26022.0)	(29.0, 34103.0)	(30.0, 47506.0)	(31.0, 62937.0)	(32.0, 88364.0)	(33.0, 121478.0)	(34.0, 181703.0)	(35.0, 279056.0)	(36.0, 490034.0)	(37.0, 888149.0)	(38.0, 2339329.0)	(39.0, 11660243.0)	(40.0, 2228299.0)												
9_R1_001	(14.0, 1.0)	(15.0, 0.0)	(16.0, 2.0)	(17.0, 57.0)	(18.0, 853.0)	(19.0, 4454.0)	(20.0, 11640.0)	(21.0, 18291.0)	(22.0, 24290.0)	(23.0, 28596.0)	(24.0, 34650.0)	(25.0, 39925.0)	(26.0, 48702.0)	(27.0, 57446.0)	(28.0, 74325.0)	(29.0, 90510.0)	(30.0, 116677.0)	(31.0, 142003.0)	(32.0, 195110.0)	(33.0, 274965.0)	(34.0, 408624.0)	(35.0, 555206.0)	(36.0, 943866.0)	(37.0, 1935570.0)	(38.0, 3702383.0)	(39.0, 16600536.0)	(40.0, 3170242.0)							
9_R2	(17.0, 7.0)	(18.0, 126.0)	(19.0, 735.0)	(20.0, 3291.0)	(21.0, 7946.0)	(22.0, 13105.0)	(23.0, 16137.0)	(24.0, 18460.0)	(25.0, 19630.0)	(26.0, 21591.0)	(27.0, 24899.0)	(28.0, 30587.0)	(29.0, 37535.0)	(30.0, 49120.0)	(31.0, 61102.0)	(32.0, 82445.0)	(33.0, 107146.0)	(34.0, 152692.0)	(35.0, 223287.0)	(36.0, 384646.0)	(37.0, 699738.0)	(38.0, 1814051.0)	(39.0, 11362441.0)	(40.0, 3370422.0)										
9_R2_001	(7.0, 1.0)	(8.0, 0.0)	(9.0, 3.0)	(10.0, 3.0)	(11.0, 0.0)	(12.0, 5.0)	(13.0, 7.0)	(14.0, 45.0)	(15.0, 346.0)	(16.0, 2356.0)	(17.0, 9316.0)	(18.0, 21732.0)	(19.0, 32604.0)	(20.0, 40090.0)	(21.0, 39295.0)	(22.0, 40367.0)	(23.0, 42005.0)	(24.0, 46610.0)	(25.0, 49434.0)	(26.0, 56443.0)	(27.0, 62640.0)	(28.0, 74750.0)	(29.0, 88575.0)	(30.0, 115830.0)	(31.0, 150980.0)	(32.0, 214179.0)	(33.0, 289821.0)	(34.0, 412993.0)	(35.0, 583727.0)	(36.0, 951209.0)	(37.0, 1650539.0)	(38.0, 3737117.0)	(39.0, 15516656.0)	(40.0, 4249246.0)
